County Code,County Name,High School,GED or Equivalent,<1yr College,>=1yr College No Deg,Associates Deg,Bachelors Deg,Masters Deg,Professional Deg,PhD,Educated,Total People,Percent Educated
001,"Alameda County, California",182207.0,18164.0,51468.0,157006.0,74447.0,282754.0,141689.0,32639.0,31512.0,488594.0,971886.0,50.272768616895405
003,"Alpine County, California",189.0,68.0,46.0,136.0,46.0,140.0,67.0,8.0,20.0,235.0,720.0,32.63888888888889
005,"Amador County, California",6562.0,1131.0,2815.0,6149.0,2554.0,4212.0,1192.0,540.0,240.0,6184.0,25395.0,24.351250246111437
007,"Butte County, California",27537.0,5238.0,12141.0,30746.0,14030.0,25225.0,8002.0,2915.0,1611.0,37753.0,127445.0,29.622974616501235
009,"Calaveras County, California",8057.0,1158.0,3421.0,7432.0,3692.0,4645.0,1550.0,424.0,226.0,6845.0,30605.0,22.36562653161248
011,"Colusa County, California",2712.0,214.0,640.0,2285.0,1331.0,1474.0,233.0,195.0,30.0,1932.0,9114.0,21.19815668202765
013,"Contra Costa County, California",121647.0,15145.0,46740.0,121850.0,61945.0,192616.0,73252.0,22496.0,14818.0,303182.0,670509.0,45.216693586514126
015,"Del Norte County, California",4703.0,1260.0,1749.0,3671.0,1659.0,1688.0,678.0,311.0,214.0,2891.0,15933.0,18.144731061319273
017,"El Dorado County, California",24533.0,3823.0,10586.0,25003.0,13770.0,27316.0,10371.0,3390.0,1900.0,42977.0,120692.0,35.60882245716369
019,"Fresno County, California",114262.0,17448.0,37983.0,96074.0,47219.0,76303.0,24116.0,8969.0,4887.0,114275.0,427261.0,26.745946856839264
021,"Glenn County, California",4171.0,807.0,1309.0,3078.0,1318.0,1703.0,357.0,147.0,62.0,2269.0,12952.0,17.518529956763434
023,"Humboldt County, California",19343.0,3143.0,7178.0,18605.0,8182.0,17031.0,5389.0,1872.0,1366.0,25658.0,82109.0,31.248705988381296
025,"Imperial County, California",20118.0,4086.0,5961.0,19953.0,7027.0,10576.0,3627.0,680.0,146.0,15029.0,72174.0,20.823288164713055
027,"Inyo County, California",3829.0,302.0,1022.0,2289.0,1024.0,1991.0,973.0,129.0,148.0,3241.0,11707.0,27.684291449560096
029,"Kern County, California",120917.0,20291.0,35452.0,86704.0,37205.0,54412.0,18553.0,5182.0,3122.0,81269.0,381838.0,21.283633373315386
031,"Kings County, California",20156.0,4094.0,6218.0,17598.0,7085.0,8378.0,2128.0,969.0,268.0,11743.0,66894.0,17.55463868209406
033,"Lake County, California",10868.0,1993.0,4011.0,8659.0,5695.0,4821.0,1810.0,528.0,309.0,7468.0,38694.0,19.30014989404042
035,"Lassen County, California",4981.0,2069.0,2918.0,3582.0,2162.0,1749.0,728.0,281.0,103.0,2861.0,18573.0,15.404081193129812
037,"Los Angeles County, California",1273072.0,114908.0,302437.0,999043.0,462091.0,1348250.0,474729.0,155849.0,86083.0,2064911.0,5216462.0,39.584511494572375
039,"Madera County, California",21180.0,3469.0,6330.0,17247.0,7520.0,8636.0,2558.0,784.0,518.0,12496.0,68242.0,18.311303889100554
041,"Marin County, California",18946.0,2426.0,7505.0,27716.0,11753.0,61100.0,28898.0,12285.0,6010.0,108293.0,176639.0,61.30752551814717
043,"Mariposa County, California",3357.0,482.0,1401.0,2704.0,1105.0,1879.0,839.0,210.0,137.0,3065.0,12114.0,25.301304276044245
045,"Mendocino County, California",13991.0,2167.0,5631.0,11909.0,4816.0,9665.0,3374.0,1139.0,669.0,14847.0,53361.0,27.823691460055095
047,"Merced County, California",33137.0,5734.0,11099.0,23536.0,11116.0,13682.0,4956.0,1238.0,1165.0,21041.0,105663.0,19.913309294644293
049,"Modoc County, California",1590.0,220.0,1074.0,844.0,826.0,926.0,208.0,61.0,26.0,1221.0,5775.0,21.142857142857142
051,"Mono County, California",1530.0,141.0,447.0,2129.0,708.0,2063.0,539.0,224.0,20.0,2846.0,7801.0,36.482502243302136
053,"Monterey County, California",45890.0,9196.0,13580.0,37231.0,21913.0,38978.0,16843.0,4788.0,3361.0,63970.0,191780.0,33.35592866826572
055,"Napa County, California",15919.0,2354.0,6572.0,16048.0,8564.0,21345.0,6815.0,2523.0,1452.0,32135.0,81592.0,39.38498872438475
057,"Nevada County, California",12579.0,1989.0,6448.0,14841.0,7944.0,16694.0,6092.0,1966.0,818.0,25570.0,69371.0,36.85978290640181
059,"Orange County, California",331483.0,34440.0,113750.0,324427.0,163428.0,520755.0,195472.0,58548.0,32797.0,807572.0,1775100.0,45.494451016844124
061,"Placer County, California",44205.0,5083.0,19351.0,48683.0,29708.0,63509.0,21583.0,6611.0,2986.0,94689.0,241719.0,39.1731721544438
063,"Plumas County, California",3040.0,419.0,1389.0,3574.0,1723.0,1828.0,988.0,271.0,94.0,3181.0,13326.0,23.870628845865227
065,"Riverside County, California",337537.0,42749.0,113228.0,262035.0,115356.0,198192.0,79849.0,20311.0,12893.0,311245.0,1182150.0,26.32872308928647
067,"Sacramento County, California",190520.0,28724.0,70834.0,178204.0,94393.0,189759.0,64859.0,22097.0,9868.0,286583.0,849258.0,33.74510455008961
069,"San Benito County, California",7903.0,1129.0,2437.0,7281.0,3005.0,4777.0,1439.0,500.0,233.0,6949.0,28704.0,24.20916945373467
071,"San Bernardino County, California",297696.0,41514.0,95024.0,228720.0,106522.0,162213.0,63738.0,14542.0,9429.0,249922.0,1019398.0,24.516626479549693
073,"San Diego County, California",359018.0,47612.0,123584.0,361201.0,187464.0,487026.0,199234.0,58066.0,44596.0,788922.0,1867801.0,42.23801143697856
075,"San Francisco County, California",74280.0,9109.0,22834.0,75821.0,36363.0,220335.0,95666.0,32831.0,17732.0,366564.0,584971.0,62.66361922214947
077,"San Joaquin County, California",100593.0,17227.0,33386.0,71627.0,41649.0,55004.0,16993.0,5472.0,2828.0,80297.0,344779.0,23.28941147807726
079,"San Luis Obispo County, California",30903.0,4801.0,13159.0,36054.0,18436.0,39994.0,15020.0,4296.0,3476.0,62786.0,166139.0,37.7912470882815
081,"San Mateo County, California",76639.0,8753.0,25738.0,71652.0,39861.0,148547.0,66121.0,20918.0,16375.0,251961.0,474604.0,53.08868024711128
083,"Santa Barbara County, California",41809.0,6567.0,16543.0,43275.0,21096.0,51832.0,22062.0,7146.0,6101.0,87141.0,216431.0,40.262716523973
085,"Santa Clara County, California",168399.0,21352.0,53056.0,155265.0,89726.0,342701.0,208794.0,34369.0,44998.0,630862.0,1118660.0,56.39443620045411
087,"Santa Cruz County, California",23374.0,3769.0,9305.0,30418.0,16140.0,40953.0,18085.0,4872.0,4476.0,68386.0,151392.0,45.17147537518495
089,"Shasta County, California",27310.0,4570.0,11908.0,29289.0,14458.0,16539.0,5537.0,2228.0,857.0,25161.0,112696.0,22.326435720877406
091,"Sierra County, California",607.0,25.0,107.0,623.0,287.0,352.0,82.0,20.0,17.0,471.0,2120.0,22.21698113207547
093,"Siskiyou County, California",7064.0,1006.0,2783.0,6999.0,3217.0,4715.0,1640.0,491.0,183.0,7029.0,28098.0,25.01601537475977
095,"Solano County, California",58798.0,9249.0,23470.0,60230.0,28686.0,50923.0,14765.0,4536.0,2445.0,72669.0,253102.0,28.711349574479854
097,"Sonoma County, California",59394.0,8719.0,26820.0,61793.0,33159.0,74393.0,26826.0,10000.0,4723.0,115942.0,305827.0,37.9109758131231
099,"Stanislaus County, California",80455.0,12799.0,26265.0,57109.0,25807.0,36783.0,11983.0,4428.0,1544.0,54738.0,257173.0,21.284504983026988
101,"Sutter County, California",13276.0,1674.0,4755.0,10951.0,6903.0,7623.0,2310.0,766.0,269.0,10968.0,48527.0,22.601850516207474
103,"Tehama County, California",11436.0,1880.0,4378.0,8689.0,3208.0,3939.0,1353.0,441.0,179.0,5912.0,35503.0,16.65211390586711
105,"Trinity County, California",2862.0,443.0,584.0,2445.0,858.0,1594.0,339.0,72.0,39.0,2044.0,9236.0,22.13079255088783
107,"Tulare County, California",58274.0,8445.0,15519.0,41131.0,19182.0,24659.0,8033.0,2901.0,1220.0,36813.0,179364.0,20.52418545527531
109,"Tuolumne County, California",9655.0,1993.0,4562.0,8376.0,3920.0,5312.0,1929.0,538.0,255.0,8034.0,36540.0,21.986863711001643
111,"Ventura County, California",94160.0,10034.0,35167.0,95697.0,49414.0,111571.0,45763.0,12888.0,8589.0,178811.0,463283.0,38.59649501492608
113,"Yolo County, California",20263.0,3243.0,7646.0,16557.0,8049.0,25078.0,12765.0,4541.0,6541.0,48925.0,104683.0,46.736337323156576
115,"Yuba County, California",9343.0,1777.0,4116.0,10405.0,4814.0,4885.0,1693.0,432.0,99.0,7109.0,37564.0,18.925034607603024
