County Code,County Name,.200-.299,.300-.399,.400-.499,.500-.599,.600-.699,.700-.799,.800-.899,.900-.999,1.000-1.249,1.250-1.499,1.500-1.999,2.000-2.499,2.500-2.999,>3.000
001,"Alameda County, California",230.0,355.0,496.0,890.0,1164.0,1618.0,1941.0,2290.0,8471.0,12013.0,34324.0,40762.0,36632.0,27327.0
003,"Alpine County, California",0.0,0.0,0.0,3.0,0.0,0.0,0.0,6.0,19.0,17.0,25.0,24.0,22.0,31.0
005,"Amador County, California",10.0,0.0,46.0,141.0,164.0,62.0,165.0,400.0,733.0,972.0,1794.0,1007.0,404.0,279.0
007,"Butte County, California",59.0,210.0,275.0,735.0,948.0,1189.0,1379.0,1531.0,4894.0,4555.0,7003.0,4406.0,1846.0,872.0
009,"Calaveras County, California",7.0,37.0,36.0,82.0,142.0,126.0,163.0,342.0,1133.0,1250.0,2140.0,1614.0,843.0,336.0
011,"Colusa County, California",0.0,31.0,24.0,27.0,87.0,67.0,70.0,113.0,495.0,594.0,695.0,242.0,125.0,35.0
013,"Contra Costa County, California",195.0,372.0,533.0,767.0,936.0,1491.0,2009.0,2530.0,8954.0,13319.0,32284.0,32369.0,27318.0,19606.0
015,"Del Norte County, California",17.0,38.0,98.0,160.0,88.0,96.0,148.0,295.0,354.0,521.0,766.0,385.0,162.0,58.0
017,"El Dorado County, California",29.0,176.0,219.0,199.0,219.0,475.0,613.0,730.0,2308.0,3476.0,7730.0,6803.0,5016.0,3849.0
019,"Fresno County, California",160.0,400.0,1097.0,1640.0,2317.0,3749.0,5495.0,5688.0,17134.0,17482.0,26495.0,14500.0,7102.0,3612.0
021,"Glenn County, California",14.0,13.0,38.0,43.0,80.0,179.0,200.0,127.0,845.0,572.0,640.0,460.0,124.0,137.0
023,"Humboldt County, California",87.0,206.0,78.0,242.0,489.0,588.0,523.0,857.0,2403.0,2852.0,4483.0,2442.0,1355.0,593.0
025,"Imperial County, California",10.0,76.0,93.0,275.0,366.0,745.0,1064.0,1127.0,3190.0,3012.0,4324.0,1799.0,437.0,228.0
027,"Inyo County, California",3.0,37.0,39.0,89.0,23.0,28.0,61.0,26.0,301.0,295.0,737.0,411.0,246.0,73.0
029,"Kern County, California",164.0,611.0,791.0,2035.0,2943.0,4043.0,5202.0,6714.0,17867.0,16779.0,25266.0,11989.0,5640.0,2509.0
031,"Kings County, California",6.0,43.0,214.0,261.0,278.0,647.0,868.0,1043.0,2462.0,2650.0,3132.0,1746.0,723.0,384.0
033,"Lake County, California",0.0,41.0,137.0,233.0,210.0,472.0,436.0,513.0,1322.0,1235.0,2168.0,1042.0,554.0,152.0
035,"Lassen County, California",0.0,15.0,34.0,91.0,98.0,191.0,213.0,211.0,631.0,494.0,982.0,387.0,217.0,54.0
037,"Los Angeles County, California",796.0,1957.0,3443.0,6151.0,7556.0,9648.0,13090.0,17138.0,60220.0,85738.0,227684.0,209034.0,158878.0,98889.0
039,"Madera County, California",78.0,100.0,162.0,104.0,565.0,499.0,813.0,902.0,3229.0,3073.0,4321.0,1897.0,889.0,519.0
041,"Marin County, California",11.0,66.0,25.0,41.0,213.0,145.0,369.0,321.0,1042.0,1780.0,4364.0,5503.0,6398.0,6062.0
043,"Mariposa County, California",0.0,0.0,8.0,27.0,52.0,26.0,115.0,147.0,446.0,389.0,561.0,429.0,216.0,77.0
045,"Mendocino County, California",21.0,1.0,51.0,119.0,207.0,240.0,373.0,315.0,1247.0,1483.0,2813.0,1706.0,957.0,565.0
047,"Merced County, California",39.0,141.0,107.0,401.0,798.0,1274.0,1949.0,2058.0,5179.0,4871.0,6011.0,2999.0,1199.0,458.0
049,"Modoc County, California",28.0,29.0,26.0,86.0,46.0,204.0,157.0,183.0,229.0,180.0,80.0,75.0,47.0,0.0
051,"Mono County, California",0.0,0.0,17.0,64.0,0.0,27.0,38.0,20.0,199.0,143.0,344.0,337.0,137.0,26.0
053,"Monterey County, California",50.0,126.0,161.0,320.0,475.0,423.0,769.0,771.0,3283.0,4607.0,9177.0,8065.0,5160.0,3401.0
055,"Napa County, California",8.0,32.0,67.0,122.0,163.0,182.0,280.0,278.0,1029.0,1453.0,3796.0,4111.0,3063.0,1986.0
057,"Nevada County, California",11.0,24.0,88.0,308.0,87.0,368.0,308.0,358.0,1577.0,2266.0,4223.0,4064.0,2109.0,1296.0
059,"Orange County, California",523.0,1016.0,1650.0,2190.0,2465.0,3064.0,4038.0,4702.0,15718.0,22732.0,68015.0,77206.0,69526.0,48534.0
061,"Placer County, California",92.0,124.0,215.0,329.0,448.0,712.0,917.0,1444.0,4314.0,5984.0,16224.0,14389.0,10894.0,6245.0
063,"Plumas County, California",0.0,85.0,36.0,68.0,88.0,134.0,146.0,162.0,438.0,685.0,855.0,631.0,183.0,107.0
065,"Riverside County, California",426.0,819.0,1831.0,2701.0,4262.0,6016.0,8157.0,10223.0,34288.0,41123.0,82515.0,60077.0,36258.0,19380.0
067,"Sacramento County, California",252.0,524.0,909.0,1738.0,2039.0,3901.0,5449.0,6670.0,24447.0,30053.0,59447.0,38612.0,20007.0,9864.0
069,"San Benito County, California",0.0,13.0,42.0,9.0,41.0,56.0,79.0,90.0,408.0,546.0,1697.0,2147.0,1342.0,679.0
071,"San Bernardino County, California",194.0,772.0,1723.0,3071.0,4514.0,6275.0,8026.0,10427.0,34149.0,38654.0,67664.0,44118.0,26229.0,12699.0
073,"San Diego County, California",351.0,831.0,1488.0,1982.0,2633.0,3947.0,4878.0,6289.0,22349.0,30611.0,80990.0,83647.0,68052.0,42219.0
075,"San Francisco County, California",24.0,183.0,252.0,221.0,311.0,447.0,439.0,567.0,1825.0,2752.0,9075.0,11633.0,12321.0,11250.0
077,"San Joaquin County, California",172.0,319.0,497.0,1047.0,1257.0,1704.0,2299.0,3260.0,10367.0,12273.0,23589.0,14835.0,8904.0,4239.0
079,"San Luis Obispo County, California",103.0,100.0,171.0,318.0,496.0,558.0,794.0,1049.0,2476.0,3777.0,9085.0,8235.0,6052.0,3296.0
081,"San Mateo County, California",99.0,210.0,306.0,331.0,395.0,601.0,832.0,702.0,2448.0,3887.0,11534.0,15326.0,15808.0,14394.0
083,"Santa Barbara County, California",55.0,107.0,376.0,421.0,452.0,427.0,695.0,809.0,3098.0,4614.0,10757.0,7950.0,5978.0,4104.0
085,"Santa Clara County, California",131.0,541.0,513.0,871.0,1134.0,1253.0,1554.0,1543.0,6757.0,9181.0,27932.0,38664.0,39926.0,34464.0
087,"Santa Cruz County, California",54.0,30.0,86.0,204.0,256.0,274.0,419.0,474.0,1452.0,2237.0,5787.0,6663.0,6162.0,4751.0
089,"Shasta County, California",21.0,115.0,249.0,454.0,715.0,890.0,1171.0,1496.0,4722.0,4149.0,6562.0,3591.0,1503.0,543.0
091,"Sierra County, California",0.0,3.0,0.0,8.0,0.0,15.0,20.0,15.0,103.0,139.0,57.0,34.0,33.0,69.0
093,"Siskiyou County, California",10.0,106.0,39.0,180.0,183.0,329.0,442.0,483.0,1293.0,1055.0,1083.0,415.0,256.0,173.0
095,"Solano County, California",80.0,204.0,370.0,475.0,611.0,773.0,1199.0,1708.0,4856.0,7544.0,16745.0,13321.0,8887.0,4451.0
097,"Sonoma County, California",100.0,218.0,363.0,470.0,567.0,770.0,1107.0,1234.0,4535.0,7176.0,16797.0,16428.0,11232.0,7081.0
099,"Stanislaus County, California",176.0,247.0,368.0,789.0,1182.0,1908.0,2746.0,3172.0,10554.0,11302.0,18755.0,10179.0,4213.0,1980.0
101,"Sutter County, California",0.0,47.0,97.0,106.0,215.0,365.0,448.0,455.0,2087.0,2220.0,2927.0,1682.0,820.0,331.0
103,"Tehama County, California",11.0,46.0,118.0,381.0,337.0,621.0,703.0,774.0,1717.0,1386.0,2061.0,1038.0,356.0,193.0
105,"Trinity County, California",3.0,7.0,27.0,78.0,92.0,129.0,84.0,95.0,213.0,295.0,431.0,222.0,63.0,30.0
107,"Tulare County, California",48.0,256.0,411.0,1052.0,1819.0,2624.0,3112.0,4143.0,9962.0,9132.0,11081.0,5444.0,2590.0,889.0
109,"Tuolumne County, California",0.0,4.0,135.0,135.0,187.0,175.0,219.0,334.0,1530.0,1199.0,2231.0,1240.0,649.0,369.0
111,"Ventura County, California",97.0,337.0,399.0,594.0,719.0,980.0,1181.0,1478.0,5718.0,8911.0,23480.0,26534.0,21560.0,13486.0
113,"Yolo County, California",80.0,9.0,97.0,170.0,297.0,290.0,345.0,510.0,2567.0,3081.0,5930.0,5427.0,3232.0,1789.0
115,"Yuba County, California",3.0,15.0,103.0,138.0,352.0,529.0,416.0,596.0,1281.0,1532.0,3094.0,1595.0,633.0,123.0
