County Code,County Name,<10%,10%-14%,15%-19%,20%-24%,25%-29%,30%-34%,35%-39%,40%-49%,>50%
001,"Alameda County, California",12284.0,25448.0,37393.0,36566.0,28122.0,20075.0,14927.0,14997.0,30798.0
003,"Alpine County, California",3.0,21.0,16.0,14.0,9.0,28.0,7.0,6.0,57.0
005,"Amador County, California",313.0,782.0,782.0,1310.0,566.0,425.0,438.0,414.0,1248.0
007,"Butte County, California",1812.0,3578.0,5304.0,4964.0,3903.0,2603.0,1858.0,2024.0,4391.0
009,"Calaveras County, California",412.0,860.0,1300.0,1208.0,916.0,826.0,528.0,690.0,1927.0
011,"Colusa County, California",186.0,266.0,436.0,468.0,370.0,193.0,166.0,295.0,309.0
013,"Contra Costa County, California",9158.0,21648.0,30393.0,28868.0,24014.0,18098.0,12640.0,13647.0,27788.0
015,"Del Norte County, California",260.0,235.0,518.0,574.0,278.0,219.0,389.0,270.0,514.0
017,"El Dorado County, California",1807.0,4321.0,5712.0,5452.0,4445.0,3364.0,2402.0,2550.0,6237.0
019,"Fresno County, California",6291.0,13433.0,19018.0,17952.0,12991.0,9729.0,7006.0,8046.0,16163.0
021,"Glenn County, California",176.0,212.0,465.0,678.0,452.0,349.0,227.0,305.0,630.0
023,"Humboldt County, California",807.0,1635.0,2494.0,2401.0,1939.0,1758.0,1406.0,1722.0,3505.0
025,"Imperial County, California",910.0,2044.0,2860.0,2903.0,1806.0,1362.0,1186.0,1241.0,2538.0
027,"Inyo County, California",179.0,256.0,425.0,374.0,345.0,194.0,125.0,177.0,318.0
029,"Kern County, California",6551.0,14919.0,19375.0,15916.0,12448.0,8590.0,5725.0,7806.0,13484.0
031,"Kings County, California",754.0,2386.0,2592.0,2372.0,1798.0,1147.0,711.0,822.0,2011.0
033,"Lake County, California",243.0,937.0,946.0,1209.0,900.0,889.0,455.0,906.0,2191.0
035,"Lassen County, California",231.0,464.0,809.0,769.0,323.0,272.0,226.0,113.0,466.0
037,"Los Angeles County, California",50033.0,101669.0,150348.0,153611.0,134581.0,102884.0,76313.0,98213.0,231167.0
039,"Madera County, California",964.0,1843.0,3102.0,2501.0,2150.0,1330.0,1103.0,1444.0,2794.0
041,"Marin County, California",3812.0,5309.0,6954.0,6404.0,5461.0,4083.0,2928.0,3939.0,8648.0
043,"Mariposa County, California",53.0,263.0,291.0,359.0,494.0,268.0,193.0,123.0,574.0
045,"Mendocino County, California",303.0,764.0,1360.0,1588.0,1471.0,904.0,847.0,894.0,2492.0
047,"Merced County, California",1643.0,3618.0,4730.0,4636.0,3418.0,2197.0,1517.0,2350.0,4006.0
049,"Modoc County, California",103.0,276.0,103.0,147.0,57.0,113.0,61.0,264.0,233.0
051,"Mono County, California",35.0,125.0,246.0,179.0,79.0,235.0,72.0,255.0,338.0
053,"Monterey County, California",2317.0,3854.0,5621.0,6482.0,5553.0,4256.0,3215.0,3711.0,7810.0
055,"Napa County, California",1064.0,2110.0,3354.0,3406.0,2678.0,1645.0,1214.0,1704.0,3531.0
057,"Nevada County, California",893.0,1458.0,2659.0,2488.0,2477.0,1538.0,1174.0,1808.0,4127.0
059,"Orange County, California",23060.0,42955.0,63237.0,64756.0,52202.0,39754.0,28117.0,34311.0,72219.0
061,"Placer County, California",3695.0,7649.0,11780.0,12143.0,8725.0,6583.0,4367.0,4788.0,10209.0
063,"Plumas County, California",191.0,449.0,437.0,702.0,343.0,321.0,277.0,257.0,690.0
065,"Riverside County, California",12901.0,30839.0,49453.0,51202.0,42233.0,30259.0,23179.0,28182.0,58317.0
067,"Sacramento County, California",10834.0,26332.0,36842.0,35285.0,27632.0,18918.0,12613.0,15048.0,30066.0
069,"San Benito County, California",302.0,756.0,1149.0,1462.0,1200.0,741.0,632.0,830.0,1306.0
071,"San Bernardino County, California",11355.0,28612.0,42878.0,41667.0,33753.0,27071.0,17263.0,21793.0,44899.0
073,"San Diego County, California",17862.0,39227.0,61489.0,68316.0,54989.0,40996.0,29141.0,35955.0,72748.0
075,"San Francisco County, California",6415.0,9908.0,12730.0,12667.0,10902.0,7891.0,5413.0,7306.0,16389.0
077,"San Joaquin County, California",4486.0,10195.0,14718.0,14802.0,11912.0,8376.0,5131.0,6994.0,12582.0
079,"San Luis Obispo County, California",1988.0,4133.0,6455.0,5720.0,5222.0,4052.0,3453.0,3238.0,7172.0
081,"San Mateo County, California",6797.0,13017.0,16354.0,16398.0,13201.0,10192.0,7591.0,8885.0,18209.0
083,"Santa Barbara County, California",2786.0,5547.0,7471.0,8000.0,6113.0,4196.0,3161.0,4024.0,8755.0
085,"Santa Clara County, California",15166.0,30288.0,41792.0,40067.0,32996.0,23896.0,15476.0,18341.0,36715.0
087,"Santa Cruz County, California",1652.0,4076.0,5133.0,5378.0,4910.0,3559.0,2709.0,3452.0,6829.0
089,"Shasta County, California",1309.0,3198.0,4176.0,4220.0,3098.0,2236.0,1764.0,2184.0,4473.0
091,"Sierra County, California",32.0,64.0,116.0,23.0,79.0,37.0,21.0,55.0,69.0
093,"Siskiyou County, California",296.0,666.0,922.0,925.0,687.0,672.0,429.0,531.0,992.0
095,"Solano County, California",3564.0,7123.0,10899.0,11694.0,9116.0,5801.0,4132.0,4796.0,8609.0
097,"Sonoma County, California",3964.0,7738.0,12708.0,11795.0,9989.0,6973.0,4860.0,6579.0,13171.0
099,"Stanislaus County, California",3295.0,7942.0,12049.0,11742.0,8777.0,6086.0,4520.0,5260.0,9600.0
101,"Sutter County, California",655.0,1761.0,2249.0,1865.0,1513.0,996.0,646.0,806.0,1603.0
103,"Tehama County, California",667.0,1283.0,1305.0,1310.0,1037.0,1103.0,677.0,803.0,1723.0
105,"Trinity County, California",91.0,237.0,348.0,152.0,125.0,169.0,81.0,187.0,419.0
107,"Tulare County, California",2819.0,6572.0,8735.0,7941.0,6064.0,3957.0,3412.0,4737.0,8848.0
109,"Tuolumne County, California",486.0,726.0,1386.0,1169.0,1138.0,853.0,579.0,774.0,1550.0
111,"Ventura County, California",6291.0,13816.0,19494.0,19228.0,16974.0,12230.0,8886.0,10715.0,20271.0
113,"Yolo County, California",1515.0,3614.0,4770.0,4236.0,3528.0,1984.0,1629.0,1576.0,3244.0
115,"Yuba County, California",387.0,1033.0,1704.0,2011.0,1361.0,946.0,752.0,888.0,1352.0
