County Code,County Name,<10,10-14,15-19,20-24,25-29,30-34,35-39,40-49,>50
001,"Alameda County, California",7802.0,19456.0,30333.0,35569.0,30373.0,24977.0,17121.0,24043.0,66689.0
003,"Alpine County, California",9.0,1.0,7.0,5.0,8.0,0.0,8.0,4.0,12.0
005,"Amador County, California",54.0,236.0,388.0,276.0,291.0,237.0,265.0,389.0,1025.0
007,"Butte County, California",837.0,2209.0,2777.0,3387.0,3302.0,3101.0,2559.0,3496.0,11534.0
009,"Calaveras County, California",74.0,149.0,422.0,443.0,491.0,403.0,218.0,436.0,984.0
011,"Colusa County, California",44.0,130.0,375.0,361.0,364.0,160.0,157.0,230.0,432.0
013,"Contra Costa County, California",3247.0,9232.0,15294.0,16839.0,16516.0,12186.0,10091.0,13289.0,34912.0
015,"Del Norte County, California",79.0,317.0,413.0,518.0,435.0,152.0,195.0,291.0,960.0
017,"El Dorado County, California",424.0,1129.0,1744.0,2212.0,1919.0,1199.0,1221.0,1329.0,4040.0
019,"Fresno County, California",4261.0,8375.0,13089.0,14692.0,14267.0,11812.0,8783.0,14763.0,43529.0
021,"Glenn County, California",137.0,592.0,237.0,655.0,371.0,306.0,240.0,217.0,1004.0
023,"Humboldt County, California",586.0,1012.0,2313.0,2323.0,2365.0,2114.0,1635.0,2367.0,7455.0
025,"Imperial County, California",831.0,1321.0,2481.0,1995.0,1586.0,1712.0,1377.0,1834.0,5571.0
027,"Inyo County, California",149.0,204.0,286.0,272.0,394.0,331.0,148.0,169.0,513.0
029,"Kern County, California",3502.0,8852.0,12797.0,12535.0,10795.0,8719.0,7751.0,10777.0,30411.0
031,"Kings County, California",625.0,1373.0,2645.0,2650.0,2271.0,1906.0,1227.0,1903.0,4851.0
033,"Lake County, California",242.0,644.0,612.0,841.0,775.0,698.0,800.0,1190.0,3031.0
035,"Lassen County, California",109.0,286.0,446.0,364.0,331.0,319.0,122.0,292.0,786.0
037,"Los Angeles County, California",42956.0,102709.0,167422.0,191809.0,185335.0,159881.0,124881.0,177499.0,544541.0
039,"Madera County, California",530.0,922.0,1461.0,1628.0,1563.0,1624.0,1203.0,2253.0,3824.0
041,"Marin County, California",1695.0,2762.0,4235.0,4489.0,4129.0,3225.0,2224.0,3515.0,10061.0
043,"Mariposa County, California",286.0,111.0,145.0,131.0,269.0,125.0,148.0,157.0,527.0
045,"Mendocino County, California",649.0,647.0,982.0,1472.0,1480.0,985.0,1048.0,1236.0,4794.0
047,"Merced County, California",931.0,2406.0,3606.0,4319.0,4297.0,3123.0,2273.0,3680.0,9343.0
049,"Modoc County, California",36.0,101.0,132.0,90.0,92.0,65.0,25.0,52.0,218.0
051,"Mono County, California",147.0,263.0,296.0,297.0,263.0,175.0,80.0,126.0,189.0
053,"Monterey County, California",1428.0,3578.0,6486.0,7233.0,7729.0,6651.0,4889.0,6982.0,15523.0
055,"Napa County, California",620.0,1232.0,2029.0,2390.0,2198.0,1911.0,1462.0,1969.0,4069.0
057,"Nevada County, California",284.0,438.0,888.0,1696.0,1227.0,921.0,821.0,1203.0,2847.0
059,"Orange County, California",9071.0,23344.0,40805.0,52161.0,49705.0,42209.0,31741.0,43910.0,122448.0
061,"Placer County, California",948.0,2711.0,4949.0,4925.0,4761.0,3690.0,2760.0,3578.0,10326.0
063,"Plumas County, California",42.0,174.0,337.0,276.0,356.0,105.0,197.0,250.0,548.0
065,"Riverside County, California",4395.0,11745.0,24615.0,27731.0,27299.0,23472.0,18583.0,25802.0,73634.0
067,"Sacramento County, California",6204.0,15002.0,25612.0,27450.0,26591.0,19564.0,16177.0,22889.0,65289.0
069,"San Benito County, California",146.0,456.0,734.0,897.0,680.0,610.0,471.0,735.0,1465.0
071,"San Bernardino County, California",5361.0,13073.0,23142.0,28281.0,25818.0,22158.0,18730.0,26671.0,75140.0
073,"San Diego County, California",9762.0,30151.0,51666.0,60204.0,60576.0,49484.0,36360.0,54638.0,141431.0
075,"San Francisco County, California",16016.0,24852.0,29876.0,27423.0,25588.0,17185.0,12147.0,16512.0,45811.0
077,"San Joaquin County, California",2123.0,5637.0,9882.0,11581.0,10478.0,8313.0,7044.0,9345.0,27776.0
079,"San Luis Obispo County, California",1189.0,2604.0,4573.0,4652.0,5037.0,3529.0,2635.0,4047.0,11940.0
081,"San Mateo County, California",3187.0,7881.0,13687.0,13827.0,12525.0,8587.0,7846.0,9266.0,25688.0
083,"Santa Barbara County, California",1401.0,3800.0,6468.0,7703.0,8004.0,6886.0,4443.0,6975.0,19726.0
085,"Santa Clara County, California",9709.0,24705.0,35153.0,35317.0,31331.0,23540.0,17235.0,22968.0,62139.0
087,"Santa Cruz County, California",1143.0,2139.0,2767.0,4482.0,4505.0,3523.0,3150.0,3741.0,12739.0
089,"Shasta County, California",676.0,1629.0,2036.0,3094.0,2741.0,2452.0,1616.0,3121.0,7457.0
091,"Sierra County, California",5.0,2.0,26.0,22.0,5.0,57.0,49.0,0.0,33.0
093,"Siskiyou County, California",346.0,355.0,678.0,592.0,585.0,506.0,449.0,679.0,2030.0
095,"Solano County, California",1032.0,3429.0,6596.0,7098.0,6406.0,5592.0,4062.0,5950.0,16448.0
097,"Sonoma County, California",2122.0,3947.0,7726.0,8805.0,8876.0,7536.0,5121.0,7202.0,20854.0
099,"Stanislaus County, California",1466.0,4079.0,7995.0,8404.0,7244.0,6472.0,5150.0,7440.0,20701.0
101,"Sutter County, California",212.0,983.0,1610.0,1539.0,1701.0,1579.0,951.0,1426.0,3001.0
103,"Tehama County, California",117.0,519.0,911.0,681.0,934.0,916.0,349.0,871.0,1906.0
105,"Trinity County, California",22.0,98.0,34.0,196.0,135.0,194.0,230.0,182.0,464.0
107,"Tulare County, California",1746.0,3765.0,5672.0,6871.0,5704.0,4710.0,3944.0,6145.0,15363.0
109,"Tuolumne County, California",197.0,403.0,591.0,600.0,776.0,725.0,703.0,647.0,1738.0
111,"Ventura County, California",2132.0,4862.0,9045.0,11969.0,11098.0,9628.0,7850.0,11060.0,26718.0
113,"Yolo County, California",748.0,2000.0,3491.0,3530.0,4028.0,3053.0,2346.0,3085.0,10330.0
115,"Yuba County, California",119.0,665.0,756.0,1462.0,924.0,1225.0,755.0,1420.0,2605.0
