County Code,County Name,<.100,".10,000-.14,999",".15,000-.19,999",.200-.249,.250-.299,.300-.349,.350-.399,.400-.449,.450-.499,.500-.599,.600-.749,.750-.999,1.000-1.249,1.250-1.499,1.500-1.999,>2.000
001,"Alameda County, California",28717.0,24566.0,19440.0,20781.0,18185.0,18747.0,18175.0,18632.0,17294.0,35023.0,47856.0,67428.0,57480.0,42402.0,56858.0,72709.0
003,"Alpine County, California",22.0,25.0,29.0,18.0,9.0,10.0,7.0,13.0,0.0,29.0,61.0,33.0,34.0,18.0,9.0,26.0
005,"Amador County, California",801.0,705.0,829.0,839.0,657.0,768.0,656.0,497.0,703.0,1053.0,1828.0,2016.0,1136.0,763.0,403.0,594.0
007,"Butte County, California",7309.0,6537.0,5691.0,5337.0,4806.0,5216.0,4188.0,4188.0,3436.0,6544.0,7973.0,8968.0,5548.0,3450.0,3564.0,2750.0
009,"Calaveras County, California",863.0,1010.0,1106.0,969.0,1066.0,940.0,774.0,886.0,745.0,1257.0,1509.0,2087.0,1633.0,1135.0,955.0,778.0
011,"Colusa County, California",271.0,331.0,297.0,397.0,340.0,369.0,334.0,363.0,398.0,714.0,846.0,983.0,548.0,154.0,387.0,230.0
013,"Contra Costa County, California",15082.0,12997.0,12404.0,13217.0,11644.0,13480.0,11826.0,12851.0,12422.0,25197.0,35549.0,47864.0,40984.0,30195.0,39034.0,52794.0
015,"Del Norte County, California",941.0,881.0,805.0,452.0,531.0,486.0,376.0,426.0,357.0,918.0,932.0,959.0,652.0,243.0,266.0,218.0
017,"El Dorado County, California",2648.0,2866.0,2429.0,2832.0,2825.0,2921.0,3063.0,2052.0,2330.0,4530.0,6246.0,8405.0,6998.0,4933.0,5690.0,6760.0
019,"Fresno County, California",24317.0,21424.0,19052.0,19440.0,18308.0,17011.0,14148.0,13644.0,11639.0,22991.0,28326.0,31991.0,21232.0,12379.0,12912.0,10642.0
021,"Glenn County, California",964.0,846.0,822.0,485.0,576.0,410.0,633.0,437.0,411.0,1002.0,910.0,903.0,644.0,350.0,241.0,167.0
023,"Humboldt County, California",4194.0,4329.0,3523.0,3736.0,3352.0,2956.0,2949.0,3116.0,2647.0,4553.0,4902.0,5872.0,3236.0,1639.0,1400.0,1285.0
025,"Imperial County, California",4191.0,4784.0,3016.0,2903.0,2572.0,2515.0,1890.0,2002.0,1720.0,3034.0,4469.0,5067.0,3216.0,1846.0,1560.0,1015.0
027,"Inyo County, California",313.0,617.0,482.0,322.0,591.0,473.0,393.0,585.0,364.0,481.0,837.0,965.0,673.0,367.0,297.0,213.0
029,"Kern County, California",17625.0,16107.0,16362.0,16856.0,15298.0,14120.0,13315.0,11843.0,10046.0,19824.0,26073.0,30737.0,20839.0,11276.0,13016.0,9000.0
031,"Kings County, California",2769.0,2660.0,2042.0,2977.0,2160.0,2450.0,2484.0,2348.0,2191.0,2901.0,4531.0,5027.0,2811.0,1618.0,1692.0,1184.0
033,"Lake County, California",2825.0,2296.0,2156.0,1806.0,2009.0,1784.0,1020.0,1216.0,1041.0,1840.0,2219.0,2832.0,1310.0,619.0,652.0,569.0
035,"Lassen County, California",642.0,645.0,458.0,573.0,555.0,446.0,463.0,346.0,489.0,824.0,1102.0,1105.0,698.0,426.0,515.0,214.0
037,"Los Angeles County, California",212577.0,185054.0,165741.0,169262.0,150477.0,155128.0,140733.0,142741.0,123117.0,234976.0,305209.0,382147.0,277765.0,180683.0,205799.0,250436.0
039,"Madera County, California",3534.0,2462.0,2469.0,2825.0,2650.0,2586.0,2528.0,2418.0,1787.0,3512.0,4314.0,4592.0,3417.0,1854.0,1434.0,1192.0
041,"Marin County, California",3524.0,3432.0,2992.0,3352.0,2906.0,3102.0,3202.0,3010.0,2675.0,5506.0,7208.0,11122.0,10432.0,7315.0,11224.0,23398.0
043,"Mariposa County, California",608.0,392.0,526.0,398.0,275.0,306.0,373.0,395.0,418.0,663.0,790.0,893.0,548.0,299.0,218.0,153.0
045,"Mendocino County, California",2700.0,3102.0,2453.0,2106.0,2104.0,2273.0,1638.0,1511.0,1252.0,2639.0,3771.0,3635.0,2029.0,1547.0,1045.0,789.0
047,"Merced County, California",5776.0,5496.0,4951.0,5400.0,4444.0,4668.0,4779.0,4085.0,3165.0,6861.0,7642.0,8253.0,4750.0,2856.0,2946.0,2198.0
049,"Modoc County, California",419.0,150.0,244.0,273.0,341.0,166.0,178.0,236.0,205.0,239.0,442.0,406.0,142.0,166.0,40.0,23.0
051,"Mono County, California",92.0,168.0,164.0,149.0,201.0,310.0,362.0,232.0,213.0,621.0,572.0,713.0,499.0,267.0,176.0,211.0
053,"Monterey County, California",5577.0,4947.0,4999.0,6204.0,5933.0,5964.0,6096.0,5725.0,5672.0,10848.0,13517.0,16312.0,11289.0,7173.0,7959.0,7701.0
055,"Napa County, California",1739.0,1973.0,1410.0,2121.0,1750.0,1728.0,1752.0,1991.0,2036.0,3386.0,4930.0,6413.0,5115.0,3613.0,4245.0,5173.0
057,"Nevada County, California",1870.0,1912.0,1611.0,2038.0,2416.0,2262.0,1626.0,2161.0,2062.0,3013.0,3931.0,5122.0,3904.0,2339.0,2329.0,1991.0
059,"Orange County, California",45635.0,32680.0,33261.0,37032.0,35701.0,37019.0,34741.0,36168.0,34949.0,69344.0,93421.0,131384.0,104640.0,75565.0,95223.0,120249.0
061,"Placer County, California",5487.0,5155.0,4766.0,4715.0,4953.0,4996.0,5070.0,4506.0,4158.0,9361.0,13428.0,18050.0,15305.0,11281.0,13342.0,12157.0
063,"Plumas County, California",442.0,682.0,448.0,726.0,322.0,466.0,349.0,395.0,341.0,669.0,985.0,1205.0,565.0,238.0,276.0,267.0
065,"Riverside County, California",39681.0,34014.0,33999.0,36407.0,34338.0,35405.0,32153.0,31947.0,29497.0,55047.0,73337.0,91864.0,63128.0,40153.0,42190.0,32556.0
067,"Sacramento County, California",33333.0,29810.0,24921.0,25303.0,25132.0,24728.0,23206.0,23475.0,21398.0,41178.0,53378.0,66546.0,47907.0,28451.0,32661.0,25908.0
069,"San Benito County, California",489.0,647.0,664.0,737.0,557.0,710.0,754.0,678.0,553.0,1187.0,1839.0,2595.0,2163.0,1021.0,1625.0,1171.0
071,"San Bernardino County, California",40943.0,34004.0,31554.0,33042.0,30872.0,29769.0,28808.0,29621.0,25356.0,50318.0,65115.0,79266.0,54240.0,30844.0,32658.0,22512.0
073,"San Diego County, California",61158.0,44613.0,42674.0,46991.0,45388.0,47301.0,43620.0,45445.0,41702.0,82404.0,105468.0,141686.0,108429.0,72052.0,84607.0,89590.0
075,"San Francisco County, California",22457.0,20708.0,12701.0,12106.0,10129.0,10310.0,9028.0,9532.0,8406.0,17317.0,25947.0,36378.0,33890.0,24935.0,37190.0,65763.0
077,"San Joaquin County, California",13501.0,12791.0,11411.0,12935.0,10815.0,11122.0,9258.0,10109.0,8938.0,17672.0,22342.0,27356.0,20327.0,11439.0,12485.0,9206.0
079,"San Luis Obispo County, California",6453.0,4783.0,3924.0,4634.0,4206.0,4172.0,4142.0,4656.0,3997.0,8005.0,10602.0,14307.0,10486.0,6294.0,7134.0,6609.0
081,"San Mateo County, California",8038.0,6152.0,6554.0,7781.0,6588.0,7672.0,7060.0,7868.0,7198.0,14298.0,21186.0,31737.0,26467.0,21441.0,28647.0,52323.0
083,"Santa Barbara County, California",7366.0,6489.0,6405.0,5360.0,6268.0,6898.0,6187.0,5703.0,5416.0,10180.0,13777.0,18621.0,13058.0,9128.0,10426.0,11769.0
085,"Santa Clara County, California",22491.0,19179.0,16400.0,17579.0,16591.0,18359.0,16283.0,17367.0,16052.0,32065.0,47310.0,68990.0,66364.0,51033.0,75884.0,124632.0
087,"Santa Cruz County, California",5572.0,3827.0,3662.0,4414.0,3457.0,3690.0,3653.0,3548.0,3330.0,6624.0,8775.0,11745.0,9114.0,5909.0,8164.0,9578.0
089,"Shasta County, California",4686.0,5175.0,4190.0,4696.0,4164.0,4035.0,3918.0,3572.0,3220.0,5387.0,7422.0,7312.0,4645.0,2586.0,2784.0,1921.0
091,"Sierra County, California",90.0,82.0,119.0,44.0,63.0,49.0,101.0,96.0,48.0,70.0,92.0,105.0,130.0,70.0,54.0,62.0
093,"Siskiyou County, California",1721.0,1491.0,1482.0,1606.0,1355.0,1071.0,1064.0,765.0,828.0,1722.0,1816.0,1988.0,691.0,604.0,508.0,333.0
095,"Solano County, California",6944.0,6317.0,5382.0,5574.0,5527.0,5857.0,5375.0,6067.0,5083.0,11099.0,14591.0,21298.0,15102.0,10772.0,11465.0,8862.0
097,"Sonoma County, California",7930.0,7725.0,7270.0,7932.0,7865.0,7674.0,8211.0,6978.0,7833.0,15154.0,19434.0,25349.0,18623.0,12344.0,14650.0,14071.0
099,"Stanislaus County, California",10000.0,10641.0,9659.0,8661.0,9191.0,9608.0,8132.0,8500.0,7748.0,14707.0,17212.0,21031.0,13794.0,7980.0,7611.0,5853.0
101,"Sutter County, California",1846.0,2083.0,1882.0,1529.0,1655.0,1779.0,1573.0,1396.0,1399.0,2456.0,3553.0,3818.0,2820.0,1639.0,1528.0,1072.0
103,"Tehama County, California",1414.0,1766.0,1883.0,1826.0,1666.0,1609.0,1456.0,1044.0,1137.0,1810.0,2330.0,2557.0,1273.0,738.0,525.0,539.0
105,"Trinity County, California",566.0,485.0,502.0,623.0,186.0,361.0,172.0,276.0,241.0,355.0,499.0,559.0,342.0,103.0,87.0,111.0
107,"Tulare County, California",10404.0,9533.0,10189.0,9260.0,7985.0,8142.0,7492.0,6552.0,6647.0,10452.0,12521.0,13263.0,8505.0,5113.0,4569.0,3526.0
109,"Tuolumne County, California",1345.0,1422.0,1275.0,1038.0,1624.0,1350.0,1084.0,813.0,891.0,2209.0,2224.0,2586.0,1600.0,715.0,947.0,960.0
111,"Ventura County, California",8831.0,8532.0,8706.0,9603.0,9243.0,10230.0,9106.0,9924.0,9194.0,18666.0,26670.0,37145.0,29687.0,20187.0,25008.0,28606.0
113,"Yolo County, California",5722.0,4143.0,4063.0,3021.0,3119.0,2944.0,3120.0,2909.0,2901.0,5364.0,6741.0,7827.0,6369.0,4112.0,5032.0,5157.0
115,"Yuba County, California",1440.0,1704.0,1572.0,1785.0,1512.0,1470.0,1296.0,1131.0,1277.0,2286.0,2867.0,3072.0,1861.0,899.0,1062.0,421.0
